0.452320
0.446560
0.442816
0.488256
0.431264
0.433888
0.449632
0.458848
0.428768
0.471872
0.435616
0.441088
0.447136
0.449312
0.434464
0.469408
0.476480
0.444992
0.446880
0.436576
0.462304
0.454464
0.475840
0.432704
0.442592
0.483040
0.426816
0.440704
0.451968
0.439584
0.463424
0.447360
0.468704
0.468128
0.438368
0.471648
0.447584
0.435488
0.448896
0.445824
0.457536
0.445088
0.436800
0.429120
0.435840
0.428352
0.446432
0.435296
0.439008
0.450496
0.440000
0.449344
0.456288
0.443328
0.448256
0.450944
0.460960
0.449344
0.455488
0.442144
0.423552
0.441248
0.424064
0.615456
0.432224
0.431712
0.425088
0.435200
0.446240
0.450368
0.442880
0.462560
0.432832
0.475328
0.451712
0.424992
0.467360
0.430432
0.447296
0.425056
0.448096
0.432192
0.445504
0.444672
0.446944
0.451968
0.437568
0.468800
0.434368
0.445088
0.432576
0.439264
0.433920
0.450912
0.435104
0.456064
0.448896
0.438848
0.428000
0.464928
