0.480800
0.466784
0.468896
0.459936
0.492256
0.466816
0.479200
0.457408
0.461632
0.501728
0.459904
0.511648
0.523456
0.463744
0.469056
0.459904
0.467328
0.517856
0.477888
0.499072
0.451968
0.462432
0.477664
0.486432
0.460992
0.473056
0.461408
0.460128
0.471968
0.470656
0.463168
0.531584
0.465056
0.465408
0.519456
0.479328
0.466464
0.464640
0.467232
0.482144
0.470176
0.454496
0.478816
0.478432
0.479840
0.479488
0.457888
0.492256
0.478464
0.472544
0.457632
0.478112
0.426368
0.481184
0.507328
0.468064
0.460352
0.513216
0.479104
0.433664
0.464192
0.478240
0.492704
0.449024
0.462976
0.459392
0.463200
0.503040
0.461856
0.484928
0.487104
0.486432
0.471936
0.488224
0.498912
0.514432
0.490016
0.479168
0.505184
0.484640
0.480000
0.474528
0.480320
0.479456
0.452192
0.492800
0.522208
0.459168
0.466720
0.475392
0.489952
0.498976
0.495392
0.455808
0.458816
0.465312
0.494624
0.463712
0.455744
0.509472
