0.385376
0.373824
0.376928
0.365152
0.421312
0.402112
0.388352
0.358816
0.380224
0.340864
0.392448
0.409344
0.368640
0.381056
0.379872
0.373568
0.382080
0.422688
0.424480
0.363680
0.402880
0.392800
0.408320
0.385280
0.385472
0.381120
0.386560
0.382688
0.377152
0.361024
0.406464
0.362176
0.378944
0.402688
0.374592
0.407968
0.399008
0.367744
0.385600
0.378816
0.367840
0.355552
0.406496
0.363168
0.430272
0.379168
0.413888
0.425248
0.378880
0.378720
0.387584
0.376960
0.384768
0.362848
0.409600
0.396864
0.383680
0.381856
0.369728
0.358176
0.414816
0.383200
0.380480
0.388416
0.381376
0.377440
0.385056
0.390976
0.346400
0.370752
0.392256
0.376096
0.408160
0.366976
0.381856
0.382368
0.405920
0.353696
0.373856
0.396928
0.392032
0.400416
0.379456
0.422144
0.362080
0.378400
0.392800
0.365216
0.397888
0.383040
0.372640
0.405600
0.379008
0.365984
0.360672
0.353280
0.353056
0.364960
0.390688
0.372320
