0.389664
0.395328
0.363360
0.360192
0.356224
0.361472
0.357408
0.379104
0.352192
0.371040
0.355360
0.354336
0.361536
0.390752
0.364320
0.371616
0.362528
0.358080
0.361152
0.360800
0.359456
0.368992
0.373664
0.386432
0.363936
0.358464
0.359712
0.362784
0.366976
0.354624
0.367584
0.361280
0.368992
0.356608
0.363584
0.428768
0.361984
0.360800
0.358912
0.360640
0.356512
0.364064
0.374304
0.388224
0.360384
0.352352
0.374208
0.407712
0.363520
0.364704
0.363264
0.375744
0.354720
0.367904
0.371616
0.358528
0.367776
0.375808
0.378496
0.364480
0.354976
0.395712
0.370784
0.374976
0.362752
0.364384
0.360032
0.360576
0.382528
0.361792
0.359200
0.366976
0.364224
0.369664
0.367264
0.370848
0.359232
0.372704
0.364832
0.356864
0.363456
0.364224
0.372640
0.363840
0.368608
0.374240
0.366656
0.362592
0.366720
0.356448
0.377632
0.403392
0.365024
0.362176
0.355008
0.360992
0.361088
0.360192
0.359232
0.361216
