0.478432
0.500160
0.510368
0.479072
0.509056
0.485024
0.520832
0.506464
0.484928
0.465600
0.552000
0.522528
0.499136
0.534240
0.497088
0.507552
0.484896
0.492928
0.500192
0.530944
0.503936
0.456416
0.468128
0.472032
0.500672
0.501952
0.482176
0.461824
0.528960
0.551008
0.505728
0.472608
0.485472
0.523744
0.508288
0.482240
0.542592
0.500704
0.483680
0.461120
0.485888
0.483072
0.496768
0.477184
0.471488
0.500864
0.539264
0.494848
0.501024
0.520768
0.450176
0.495136
0.501600
0.560704
0.502656
0.508704
0.489760
0.458304
0.479616
0.501824
0.503616
0.485920
0.475200
0.514496
0.489216
0.501440
0.495968
0.511392
0.489312
0.490016
0.496800
0.501088
0.485824
0.515936
0.518240
0.509952
0.460288
0.546336
0.476512
0.523712
0.537664
0.473472
0.497280
0.522784
0.518624
0.503584
0.485600
0.519744
0.496640
0.501088
0.496032
0.531936
0.484128
0.487072
0.559936
0.480288
0.505568
0.517952
0.480832
0.437664
