0.365664
0.368832
0.372896
0.400864
0.388480
0.383968
0.361248
0.375328
0.369984
0.378112
0.393760
0.418976
0.394272
0.418208
0.378912
0.356896
0.413952
0.408928
0.379520
0.379552
0.396736
0.358304
0.397504
0.373280
0.396384
0.394336
0.384256
0.390688
0.373568
0.383232
0.370560
0.368960
0.345248
0.390336
0.356320
0.387168
0.370304
0.348032
0.363040
0.372352
0.409056
0.361760
0.362144
0.365728
0.379936
0.425376
0.430176
0.393056
0.401920
0.386656
0.408544
0.379008
0.388576
0.385024
0.400256
0.410944
0.393472
0.430496
0.427392
0.393376
0.383520
0.391072
0.415616
0.364672
0.428512
0.421824
0.375744
0.418400
0.356544
0.400672
0.387520
0.361664
0.358976
0.385600
0.357568
0.420000
0.395488
0.403200
0.389856
0.383808
0.369728
0.352800
0.353024
0.395776
0.392160
0.389056
0.363520
0.368384
0.358912
0.359264
0.393344
0.409056
0.391552
0.370432
0.361088
0.361216
0.380384
0.385728
0.359712
0.365792
