0.449408
0.484576
0.469728
0.465248
0.477024
0.472736
0.468416
0.463584
0.482208
0.473344
0.458368
0.436384
0.480032
0.466592
0.430624
0.451328
0.436544
0.487904
0.453792
0.431360
0.495488
0.484576
0.442272
0.468000
0.453120
0.466240
0.463488
0.450240
0.470016
0.444320
0.448608
0.436576
0.468800
0.449536
0.491776
0.505728
0.476416
0.476768
0.447616
0.535264
0.515552
0.477056
0.497888
0.476448
0.449696
0.430688
0.457280
0.536128
0.467040
0.474624
0.476576
0.481504
0.474624
0.431648
0.489664
0.484096
0.516064
0.487424
0.456768
0.489088
0.463296
0.474144
0.455456
0.486176
0.444352
0.460544
0.451008
0.487616
0.435104
0.475840
0.493728
0.491360
0.465536
0.425408
0.465888
0.479840
0.495264
0.434880
0.469728
0.485536
0.459360
0.517024
0.441216
0.510656
0.480928
0.503232
0.460064
0.452864
0.428224
0.457152
0.497056
0.551968
0.492000
0.447040
0.481152
0.487904
0.488512
0.484544
0.482112
0.482656
