0.493920
0.500352
0.526880
0.491392
0.510720
0.521472
0.499936
0.490080
0.475264
0.513184
0.492896
0.482944
0.493664
0.482432
0.519776
0.498816
0.481088
0.498400
0.490048
0.514208
0.480448
0.473792
0.542976
0.570176
0.484608
0.512608
0.471168
0.502112
0.493408
0.487520
0.507872
0.477792
0.461728
0.555872
0.577920
0.560288
0.526752
0.502944
0.479680
0.505024
0.500768
0.505920
0.513408
0.506208
0.445632
0.490784
0.490368
0.496832
0.485120
0.472960
0.458016
0.571040
0.494368
0.460960
0.516320
0.519328
0.478880
0.518528
0.478816
0.530528
0.535808
0.513376
0.472320
0.507488
0.455360
0.538400
0.500832
0.487712
0.490848
0.512768
0.475968
0.505280
0.511584
0.491648
0.471040
0.491264
0.470784
0.489088
0.512864
0.505056
0.462304
0.484768
0.514464
0.496096
0.516064
0.526784
0.516896
0.487232
0.479392
0.552224
0.501408
0.499712
0.580288
0.481056
0.494016
0.494912
0.506272
0.470624
0.539520
0.502048
