0.358880
0.360736
0.368352
0.365408
0.361728
0.356864
0.373600
0.370624
0.364640
0.365792
0.370336
0.377408
0.361856
0.386432
0.359104
0.364832
0.386848
0.383552
0.358656
0.375424
0.372928
0.359296
0.359136
0.364384
0.373856
0.365504
0.372800
0.351232
0.370816
0.353952
0.365408
0.361120
0.365568
0.358720
0.359872
0.399328
0.367296
0.364352
0.357792
0.373728
0.370144
0.365984
0.357632
0.368768
0.364320
0.371328
0.377600
0.369568
0.365728
0.366208
0.361920
0.378304
0.366208
0.366464
0.372032
0.419200
0.365568
0.369184
0.359136
0.363552
0.390944
0.363648
0.360544
0.382144
0.387776
0.360896
0.358720
0.367968
0.383328
0.405312
0.359360
0.363840
0.381440
0.380480
0.413440
0.361216
0.360064
0.366112
0.383360
0.376192
0.371232
0.365056
0.363392
0.358816
0.364800
0.358560
0.357696
0.360704
0.364352
0.364704
0.360800
0.368352
0.383296
0.363808
0.375040
0.364672
0.377568
0.405472
0.381088
0.362720
