0.366656
0.385088
0.371136
0.373568
0.372896
0.364864
0.364288
0.379680
0.361696
0.359200
0.388768
0.363776
0.372032
0.363552
0.365120
0.355968
0.394016
0.365344
0.368160
0.391232
0.362944
0.383200
0.374368
0.371136
0.357472
0.354304
0.361856
0.365856
0.368640
0.374336
0.379328
0.380864
0.355776
0.361216
0.353248
0.357600
0.364832
0.361504
0.361472
0.392704
0.373184
0.369248
0.374848
0.361664
0.370752
0.363872
0.362432
0.388128
0.358784
0.375840
0.357088
0.363168
0.351136
0.358976
0.378592
0.353056
0.371328
0.387488
0.364064
0.360896
0.366560
0.342368
0.370944
0.370304
0.383040
0.362816
0.359712
0.358432
0.365824
0.362496
0.370752
0.363840
0.376480
0.358720
0.377088
0.371232
0.389984
0.378848
0.414816
0.365952
0.370976
0.354688
0.357824
0.356768
0.354112
0.356256
0.363552
0.359648
0.370400
0.358272
0.375040
0.368416
0.360736
0.376416
0.372640
0.364640
0.361280
0.382336
0.362880
0.382208
