4.701504
4.446240
4.283392
4.615808
4.736864
4.887648
4.837440
4.919808
4.811808
4.675936
4.309088
4.915104
4.779520
4.786880
4.765536
4.746592
4.797312
4.731616
4.827904
4.650752
4.883616
4.728672
4.681856
4.089408
4.672384
4.718240
4.607648
4.932000
4.700160
4.861760
4.732992
4.813984
4.792320
4.557056
4.739456
4.985536
4.864160
4.633312
4.742720
4.730400
4.706336
4.640160
4.903072
4.617344
4.897152
4.718240
4.962240
4.560416
4.553120
4.911104
4.892704
4.791296
4.675904
4.784512
4.901344
4.871424
4.578560
4.754944
4.686912
4.643136
4.798368
4.791040
4.820640
4.675040
4.688192
4.858592
5.029120
4.833312
4.793952
4.591552
4.778528
4.822464
4.437824
4.900928
4.648064
4.803232
4.761696
4.890016
4.736416
4.792864
4.909472
4.932576
4.642752
4.875296
4.895488
4.529984
4.896032
4.758720
4.494400
4.796224
4.513856
4.846624
4.727936
4.707168
4.763904
4.647520
4.846720
4.324992
4.853824
4.802016
