4.508960
4.527008
4.570432
4.655776
4.538560
4.555136
4.950912
4.750848
4.381248
4.640000
4.619136
4.169216
4.637664
5.055456
4.701504
4.547872
4.774944
4.681600
4.508096
4.921792
4.540416
4.868864
4.836480
4.595168
4.539808
4.510624
4.700704
4.559584
4.725600
4.516032
4.498336
4.765248
4.571808
4.146112
4.942432
4.537984
4.567776
4.974304
4.180704
4.669056
4.633376
4.564864
4.710560
4.740224
4.519520
4.492800
4.694400
4.557952
4.602112
4.780704
4.403744
4.814720
4.655072
4.929120
4.600992
4.477536
4.690528
4.606816
4.399520
4.547744
4.540896
4.827424
4.574144
4.590816
4.630560
4.643936
4.775136
4.745312
4.498528
4.753664
4.695808
4.788128
4.616928
4.481024
4.570624
4.572128
4.486336
4.644512
4.593056
4.527744
4.825120
4.523904
4.679680
4.448384
4.632448
4.565696
4.723616
4.626752
4.578112
4.585184
4.452864
4.592128
4.623392
4.576544
4.531712
4.647520
4.755584
4.686432
4.480512
4.758592
