0.717000
0.404000
0.653000
0.539000
0.609000
0.497000
1.215000
0.426000
0.616000
0.459000
0.513000
0.641000
0.493000
0.657000
0.642000
0.526000
0.698000
0.586000
0.546000
0.535000
0.578000
0.500000
0.493000
0.496000
0.475000
0.465000
0.516000
1.325000
0.566000
0.506000
0.471000
0.533000
0.479000
0.650000
0.686000
0.642000
0.471000
0.634000
0.483000
0.451000
0.493000
0.493000
0.490000
2.315000
0.522000
0.475000
0.525000
0.703000
0.628000
0.456000
0.641000
0.590000
0.628000
0.445000
0.493000
0.649000
0.473000
0.471000
0.497000
0.620000
0.629000
0.682000
0.489000
1.842000
0.557000
0.466000
0.607000
0.503000
0.642000
0.477000
0.492000
1.202000
0.565000
0.451000
0.605000
2.038000
0.663000
0.687000
0.615000
0.498000
0.498000
0.937000
0.498000
0.498000
0.690000
0.490000
1.140000
0.649000
0.710000
0.486000
0.543000
0.483000
0.487000
0.604000
0.516000
0.481000
0.481000
0.487000
0.492000
0.574000
