14.181000
15.229000
14.674000
15.286000
14.754000
15.272000
14.537000
15.009000
15.551000
13.983000
14.643000
14.550000
14.652000
14.093000
15.212000
15.068000
14.009000
15.612000
15.082000
14.925000
15.197000
14.529000
19.045000
15.244000
14.181000
14.989000
15.448000
15.514000
14.485000
14.306000
14.233000
15.141000
14.443000
14.803000
14.881000
14.021000
15.598000
15.187000
14.241000
15.252000
13.992000
15.126000
14.311000
14.008000
14.581000
15.557000
15.423000
16.136000
14.415000
14.766000
14.820000
14.883000
14.945000
15.435000
15.018000
15.007000
15.133000
19.849000
15.453000
14.538000
15.198000
15.236000
15.024000
15.058000
14.755000
15.185000
14.265000
15.074000
14.519000
14.681000
15.212000
18.910000
15.153000
14.953000
14.222000
15.240000
14.866000
14.291000
14.855000
14.973000
17.208000
13.885000
14.998000
13.916000
15.666000
14.278000
15.118000
14.105000
19.635000
14.081000
15.144000
15.114000
15.375000
14.149000
14.243000
15.013000
15.188000
14.746000
15.199000
15.011000
