0.981000
0.841000
0.789000
0.995000
1.182000
0.842000
0.839000
1.127000
1.000000
0.834000
1.120000
0.868000
0.750000
0.851000
1.129000
1.094000
0.949000
0.872000
0.793000
0.702000
0.818000
0.788000
0.885000
0.913000
0.987000
0.890000
0.746000
0.987000
0.851000
0.838000
0.835000
1.010000
0.857000
0.890000
0.790000
0.816000
1.129000
0.965000
1.137000
0.896000
0.840000
0.929000
0.948000
0.796000
1.128000
0.835000
0.686000
0.777000
0.829000
0.839000
0.995000
0.665000
1.146000
1.048000
0.878000
1.140000
0.860000
1.140000
0.855000
1.148000
1.082000
0.829000
0.877000
0.847000
1.142000
0.999000
1.005000
1.124000
1.002000
0.883000
0.937000
1.095000
0.832000
0.853000
0.954000
0.813000
0.791000
0.842000
0.860000
0.898000
1.081000
0.997000
0.703000
0.829000
0.831000
1.510000
0.952000
0.956000
1.943000
1.034000
0.913000
0.916000
1.132000
0.900000
0.866000
1.119000
1.142000
0.693000
1.103000
1.190000
