0.787000
0.972000
0.704000
0.684000
0.852000
3.106000
0.758000
0.635000
0.703000
0.662000
0.698000
0.948000
0.861000
0.652000
0.664000
0.650000
0.687000
0.710000
0.776000
0.693000
0.781000
0.745000
0.829000
0.617000
0.927000
0.962000
0.584000
0.684000
0.759000
0.770000
0.712000
0.741000
0.795000
1.025000
0.708000
0.710000
0.954000
0.684000
0.711000
0.746000
0.777000
0.778000
0.709000
0.950000
0.623000
0.684000
0.560000
0.700000
0.702000
0.700000
0.674000
0.808000
0.703000
0.737000
0.663000
0.887000
0.692000
0.806000
0.959000
0.826000
0.718000
0.903000
0.580000
0.713000
0.737000
0.921000
0.671000
0.775000
0.695000
0.708000
0.771000
0.911000
0.775000
0.764000
0.729000
0.962000
0.788000
0.685000
0.722000
0.704000
0.762000
0.708000
0.887000
0.705000
0.660000
0.717000
0.622000
0.604000
0.708000
0.692000
0.922000
0.954000
0.738000
0.737000
0.714000
0.709000
0.866000
0.905000
0.793000
0.795000
