0.622000
0.575000
0.433000
0.496000
0.445000
1.200000
0.476000
0.549000
0.455000
0.667000
0.498000
0.649000
0.499000
0.493000
0.479000
0.496000
0.492000
1.042000
0.484000
0.677000
0.597000
0.493000
0.579000
0.506000
0.510000
0.495000
0.481000
0.553000
0.540000
0.493000
0.638000
0.485000
0.666000
0.501000
0.636000
0.490000
0.507000
0.568000
0.724000
0.510000
0.603000
0.590000
0.728000
0.495000
0.465000
0.490000
0.518000
0.635000
0.476000
0.476000
0.720000
0.494000
0.527000
0.645000
0.644000
0.548000
0.656000
0.541000
0.504000
0.510000
0.726000
0.501000
0.484000
0.516000
0.573000
4.600000
0.629000
0.778000
0.527000
0.653000
0.723000
0.520000
0.666000
0.527000
0.501000
0.649000
0.510000
0.515000
0.667000
0.518000
0.547000
0.499000
0.549000
0.550000
0.597000
0.576000
0.589000
0.672000
0.543000
0.504000
0.511000
0.662000
0.557000
0.481000
0.429000
1.429000
0.494000
0.997000
0.497000
0.586000
