0.486000
0.612000
0.590000
0.634000
0.486000
0.500000
0.594000
1.378000
0.505000
0.450000
3.077000
0.643000
0.644000
0.561000
0.624000
1.183000
0.642000
0.630000
0.569000
0.639000
0.540000
0.534000
0.461000
0.490000
0.643000
0.630000
0.490000
0.684000
0.449000
0.529000
0.408000
0.701000
0.640000
0.492000
0.518000
0.481000
0.484000
0.490000
0.560000
0.574000
0.525000
0.492000
0.406000
0.618000
0.642000
0.540000
0.484000
0.548000
0.684000
0.607000
0.477000
0.501000
0.533000
0.492000
0.678000
0.635000
0.479000
0.484000
0.453000
0.487000
0.474000
0.535000
0.666000
0.538000
0.477000
0.654000
0.633000
3.544000
0.484000
0.501000
0.482000
0.616000
0.713000
0.543000
0.487000
0.546000
0.570000
0.640000
0.588000
0.642000
0.506000
0.445000
0.643000
0.497000
0.491000
0.531000
0.485000
0.503000
0.550000
0.445000
0.482000
0.481000
0.683000
0.557000
4.007000
0.563000
0.566000
0.496000
0.437000
0.557000
